#1
#LIFT
double CLwbh(20,2)
			-16.00        -1.256    
			-8.000        -.7776    
			-6.000        -.5941    
			-4.000        -.3961    
                       -2.000        -.1950    
                        0.000         .7672E-02
                        2.000         .2104    
                        4.000         .4120    
                        8.000         .7953    
                        9.000         .8723    
                        10.00         .9402    
                        12.00         1.047    
                        14.00         1.137    
                        16.00         1.183    
                        18.00         1.253    
                        19.00         1.289    
                        20.00         1.334    
                        21.00         1.384    
                        22.00         1.431    
                        24.00         1.524    
double CLq(20,2) 
                       -16.00         .8523E-01
                       -8.000         .8523E-01
                       -6.000         .8523E-01
                       -4.000         .8523E-01
                       -2.000         .8523E-01
                         .000         .8523E-01
                        2.000         .8523E-01
                        4.000         .8523E-01
                        8.000         .8523E-01
                        9.000         .8523E-01
                        10.00         .8523E-01
                        12.00         .8523E-01
                        14.00         .8523E-01
                        16.00         .8523E-01
                        18.00         .8523E-01
                        19.00         .8523E-01
                        20.00         .8523E-01
                        21.00         .8523E-01
                        22.00         .8523E-01
                        24.00         .8523E-01
double CLad(20,2)
                       -16.00         .4360E-02
                       -8.000         .5875E-02
                       -6.000         .6694E-02
                       -4.000         .7024E-02
                       -2.000         .6952E-02
                         .000         .6833E-02
                        2.000         .6675E-02
                        4.000         .6394E-02
                        8.000         .4970E-02
                        9.000         .4426E-02
                        10.00         .3874E-02
                        12.00         .2969E-02
                        14.00         .2115E-02
                        16.00         .1674E-02
                        18.00         .1701E-02
                        19.00         .1778E-02
                        20.00         .1832E-02
                        21.00         .2103E-02
                        22.00         .2044E-02
                        24.00         .1320E-02
double CLdF1L(9,2)
                       -20.00        -.5334E-02
                       -15.00        -.5247E-02
                       -10.00        -.3838E-02
                       -5.000        -.1919E-02
                         .000          .000    
                        5.000         .1919E-02
                        10.00         .3838E-02
                        13.00         .4799E-02
                        16.00         .5404E-02
double CLdF1R(9,2)
                       -20.00        -.5334E-02
                       -15.00        -.5247E-02
                       -10.00        -.3838E-02
                       -5.000        -.1919E-02
                         .000          .000    
                        5.000         .1919E-02
                        10.00         .3838E-02
                        13.00         .4799E-02
                        16.00         .5404E-02
double CLDe(9,2)
                       -20.00        -.1067E-01
                       -15.00        -.1049E-01
                       -10.00        -.7675E-02
                       -5.000        -.3838E-02
                         .000         .7675E-05
                        5.000         .3838E-02
                        10.00         .7675E-02
                        13.00         .9599E-02
                        16.00         .1081E-01
#<!-- ********************************************************************** -->
#DRAG
double CD(20,2)
                       -16.00         .9484E-01
                       -8.000         .4628E-01
                       -6.000         .3578E-01
                       -4.000         .2786E-01
                       -2.000         .2328E-01
                         .000         .2202E-01
                        2.000         .2435E-01
                        4.000         .3001E-01
                        8.000         .5069E-01
                        9.000         .5680E-01
                        10.00         .6290E-01
                        12.00         .7452E-01
                        14.00         .8742E-01
                        16.00         .9987E-01
                        18.00         .1167    
                        19.00         .1265    
                        20.00         .1379    
                        21.00         .1506    
                        22.00         .1642    
                        24.00         .1941    
double CdDf1L(10,21) #row: flap-pos-deg #col: alpha-deg
-2.1000e+01	-1.6000e+01	-8.0000e+00	-6.0000e+00	-4.0000e+00	-2.0000e+00	0.0000e+00	2.0000e+00	4.0000e+00	8.0000e+00	9.0000e+00	1.0000e+01	1.2000e+01	1.4000e+01	1.6000e+01	1.8000e+01	1.9000e+01	2.0000e+01	2.1000e+01	2.2000e+01	2.4000e+01	
-2.0000e+01	5.5580e-03	3.3970e-03	2.9400e-03	2.5120e-03	2.0830e-03	1.6490e-03	1.2100e-03	7.6310e-04	-1.7840e-04	-4.4120e-04	-7.1590e-04	-1.2990e-03	-1.9130e-03	-2.5680e-03	-3.2200e-03	-3.5460e-03	-3.8680e-03	-4.1920e-03	-4.5030e-03	-5.1710e-03	
-1.5000e+01	5.4410e-03	3.3150e-03	2.8650e-03	2.4450e-03	2.0220e-03	1.5960e-03	1.1640e-03	7.2400e-04	-2.0200e-04	-4.6060e-04	-7.3080e-04	-1.3050e-03	-1.9090e-03	-2.5530e-03	-3.1930e-03	-3.5140e-03	-3.8320e-03	-4.1500e-03	-4.4560e-03	-5.1130e-03	
-1.0000e+01	3.6660e-03	2.1110e-03	1.7820e-03	1.4740e-03	1.1660e-03	8.5360e-04	5.3760e-04	2.1600e-04	-4.6120e-04	-6.5030e-04	-8.4800e-04	-1.2680e-03	-1.7090e-03	-2.1810e-03	-2.6490e-03	-2.8840e-03	-3.1160e-03	-3.3490e-03	-3.5730e-03	-4.0530e-03	
-5.0000e+00	1.6190e-03	8.4200e-04	6.7770e-04	5.2380e-04	3.6940e-04	2.1340e-04	5.5410e-05	-1.0540e-04	-4.4400e-04	-5.3860e-04	-6.3740e-04	-8.4720e-04	-1.0680e-03	-1.3040e-03	-1.5380e-03	-1.6550e-03	-1.7710e-03	-1.8880e-03	-2.0000e-03	-2.2400e-03	
0.0000e+00	0.0000e+00	0.0000e+00	0.0000e+00	0.0000e+00	0.0000e+00	0.0000e+00	0.0000e+00	0.0000e+00	0.0000e+00	0.0000e+00	0.0000e+00	0.0000e+00	0.0000e+00	0.0000e+00	0.0000e+00	0.0000e+00	0.0000e+00	0.0000e+00	0.0000e+00	0.0000e+00	
5.0000e+00	-1.1930e-03	-4.1520e-04	-2.5090e-04	-9.7000e-05	5.7400e-05	2.1340e-04	3.7140e-04	5.3220e-04	8.7090e-04	9.6540e-04	1.0640e-03	1.2740e-03	1.4950e-03	1.7310e-03	1.9650e-03	2.0820e-03	2.1980e-03	2.3150e-03	2.4270e-03	2.6670e-03	
1.0000e+01	-1.9590e-03	-4.0360e-04	-7.4900e-05	2.3280e-04	5.4160e-04	8.5360e-04	1.1700e-03	1.4910e-03	2.1690e-03	2.3580e-03	2.5550e-03	2.9750e-03	3.4170e-03	3.8880e-03	4.3560e-03	4.5910e-03	4.8230e-03	5.0560e-03	5.2800e-03	5.7610e-03	
1.3000e+01	-2.1820e-03	-2.3720e-04	1.7390e-04	5.5870e-04	9.4490e-04	1.3350e-03	1.7300e-03	2.1320e-03	2.9790e-03	3.2160e-03	3.4630e-03	3.9880e-03	4.5400e-03	5.1300e-03	5.7160e-03	6.0090e-03	6.2990e-03	6.5910e-03	6.8710e-03	7.4720e-03	
1.6000e+01	-2.2670e-03	-7.7910e-05	3.8490e-04	8.1820e-04	1.2530e-03	1.6920e-03	2.1370e-03	2.5900e-03	3.5440e-03	3.8100e-03	4.0880e-03	4.6790e-03	5.3010e-03	5.9650e-03	6.6240e-03	6.9550e-03	7.2810e-03	7.6090e-03	7.9250e-03	8.6010e-03	
double CdDf1R(10,21) #row: flap-pos-deg #col: alpha-deg
-2.1000e+01	-1.6000e+01	-8.0000e+00	-6.0000e+00	-4.0000e+00	-2.0000e+00	0.0000e+00	2.0000e+00	4.0000e+00	8.0000e+00	9.0000e+00	1.0000e+01	1.2000e+01	1.4000e+01	1.6000e+01	1.8000e+01	1.9000e+01	2.0000e+01	2.1000e+01	2.2000e+01	2.4000e+01	
-2.0000e+01	5.5580e-03	3.3970e-03	2.9400e-03	2.5120e-03	2.0830e-03	1.6490e-03	1.2100e-03	7.6310e-04	-1.7840e-04	-4.4120e-04	-7.1590e-04	-1.2990e-03	-1.9130e-03	-2.5680e-03	-3.2200e-03	-3.5460e-03	-3.8680e-03	-4.1920e-03	-4.5030e-03	-5.1710e-03	
-1.5000e+01	5.4410e-03	3.3150e-03	2.8650e-03	2.4450e-03	2.0220e-03	1.5960e-03	1.1640e-03	7.2400e-04	-2.0200e-04	-4.6060e-04	-7.3080e-04	-1.3050e-03	-1.9090e-03	-2.5530e-03	-3.1930e-03	-3.5140e-03	-3.8320e-03	-4.1500e-03	-4.4560e-03	-5.1130e-03	
-1.0000e+01	3.6660e-03	2.1110e-03	1.7820e-03	1.4740e-03	1.1660e-03	8.5360e-04	5.3760e-04	2.1600e-04	-4.6120e-04	-6.5030e-04	-8.4800e-04	-1.2680e-03	-1.7090e-03	-2.1810e-03	-2.6490e-03	-2.8840e-03	-3.1160e-03	-3.3490e-03	-3.5730e-03	-4.0530e-03	
-5.0000e+00	1.6190e-03	8.4200e-04	6.7770e-04	5.2380e-04	3.6940e-04	2.1340e-04	5.5410e-05	-1.0540e-04	-4.4400e-04	-5.3860e-04	-6.3740e-04	-8.4720e-04	-1.0680e-03	-1.3040e-03	-1.5380e-03	-1.6550e-03	-1.7710e-03	-1.8880e-03	-2.0000e-03	-2.2400e-03	
0.0000e+00	0.0000e+00	0.0000e+00	0.0000e+00	0.0000e+00	0.0000e+00	0.0000e+00	0.0000e+00	0.0000e+00	0.0000e+00	0.0000e+00	0.0000e+00	0.0000e+00	0.0000e+00	0.0000e+00	0.0000e+00	0.0000e+00	0.0000e+00	0.0000e+00	0.0000e+00	0.0000e+00	
5.0000e+00	-1.1930e-03	-4.1520e-04	-2.5090e-04	-9.7000e-05	5.7400e-05	2.1340e-04	3.7140e-04	5.3220e-04	8.7090e-04	9.6540e-04	1.0640e-03	1.2740e-03	1.4950e-03	1.7310e-03	1.9650e-03	2.0820e-03	2.1980e-03	2.3150e-03	2.4270e-03	2.6670e-03	
1.0000e+01	-1.9590e-03	-4.0360e-04	-7.4900e-05	2.3280e-04	5.4160e-04	8.5360e-04	1.1700e-03	1.4910e-03	2.1690e-03	2.3580e-03	2.5550e-03	2.9750e-03	3.4170e-03	3.8880e-03	4.3560e-03	4.5910e-03	4.8230e-03	5.0560e-03	5.2800e-03	5.7610e-03	
1.3000e+01	-2.1820e-03	-2.3720e-04	1.7390e-04	5.5870e-04	9.4490e-04	1.3350e-03	1.7300e-03	2.1320e-03	2.9790e-03	3.2160e-03	3.4630e-03	3.9880e-03	4.5400e-03	5.1300e-03	5.7160e-03	6.0090e-03	6.2990e-03	6.5910e-03	6.8710e-03	7.4720e-03	
1.6000e+01	-2.2670e-03	-7.7910e-05	3.8490e-04	8.1820e-04	1.2530e-03	1.6920e-03	2.1370e-03	2.5900e-03	3.5440e-03	3.8100e-03	4.0880e-03	4.6790e-03	5.3010e-03	5.9650e-03	6.6240e-03	6.9550e-03	7.2810e-03	7.6090e-03	7.9250e-03	8.6010e-03	
double CdDe(10,21) #row: elevator-pos-deg #col: alpha-deg
-2.1000e+01	-1.6000e+01	-8.0000e+00	-6.0000e+00	-4.0000e+00	-2.0000e+00	0.0000e+00	2.0000e+00	4.0000e+00	8.0000e+00	9.0000e+00	1.0000e+01	1.2000e+01	1.4000e+01	1.6000e+01	1.8000e+01	1.9000e+01	2.0000e+01	2.1000e+01	2.2000e+01	2.4000e+01	
-2.0000e+01	1.1120e-02	6.7940e-03	5.8800e-03	5.0250e-03	4.1660e-03	3.2990e-03	2.4200e-03	1.5260e-03	-3.5680e-04	-8.8240e-04	-1.4320e-03	-2.5980e-03	-3.8270e-03	-5.1370e-03	-6.4390e-03	-7.0910e-03	-7.7370e-03	-8.3840e-03	-9.0070e-03	-1.0340e-02	
-1.5000e+01	1.0880e-02	6.6300e-03	5.7310e-03	4.8890e-03	4.0450e-03	3.1920e-03	2.3270e-03	1.4480e-03	-4.0400e-04	-9.2110e-04	-1.4620e-03	-2.6090e-03	-3.8170e-03	-5.1060e-03	-6.3870e-03	-7.0280e-03	-7.6630e-03	-8.3000e-03	-8.9120e-03	-1.0230e-02	
-1.0000e+01	7.3320e-03	4.2220e-03	3.5640e-03	2.9490e-03	2.3310e-03	1.7070e-03	1.0750e-03	4.3210e-04	-9.2250e-04	-1.3010e-03	-1.6960e-03	-2.5350e-03	-3.4190e-03	-4.3610e-03	-5.2980e-03	-5.7680e-03	-6.2320e-03	-6.6980e-03	-7.1450e-03	-8.1070e-03	
-5.0000e+00	3.2390e-03	1.6840e-03	1.3550e-03	1.0480e-03	7.3880e-04	4.2680e-04	1.1080e-04	-2.1080e-04	-8.8810e-04	-1.0770e-03	-1.2750e-03	-1.6940e-03	-2.1360e-03	-2.6070e-03	-3.0760e-03	-3.3110e-03	-3.5430e-03	-3.7760e-03	-4.0000e-03	-4.4800e-03	
0.0000e+00	-5.6240e-06	-2.5130e-06	-1.8550e-06	-1.2400e-06	-6.2230e-07	1.7070e-09	6.3370e-07	1.2770e-06	2.6310e-06	3.0090e-06	3.4050e-06	4.2450e-06	5.1260e-06	6.0700e-06	7.0090e-06	7.4780e-06	7.9420e-06	8.4030e-06	8.8630e-06	9.8120e-06	
5.0000e+00	-2.3850e-03	-8.3040e-04	-5.0170e-04	-1.9400e-04	1.1480e-04	4.2680e-04	7.4280e-04	1.0640e-03	1.7420e-03	1.9310e-03	2.1280e-03	2.5480e-03	2.9900e-03	3.4610e-03	3.9300e-03	4.1640e-03	4.3960e-03	4.6290e-03	4.8530e-03	5.3340e-03	
1.0000e+01	-3.9170e-03	-8.0720e-04	-1.4980e-04	4.6560e-04	1.0830e-03	1.7070e-03	2.3390e-03	2.9820e-03	4.3370e-03	4.7150e-03	5.1110e-03	5.9500e-03	6.8330e-03	7.7760e-03	8.7130e-03	9.1820e-03	9.6460e-03	1.0110e-02	1.0560e-02	1.1520e-02	
1.3000e+01	-4.3640e-03	-4.7450e-04	3.4770e-04	1.1170e-03	1.8900e-03	2.6700e-03	3.4610e-03	4.2650e-03	5.9590e-03	6.4320e-03	6.9260e-03	7.9760e-03	9.0810e-03	1.0260e-02	1.1430e-02	1.2020e-02	1.2600e-02	1.3180e-02	1.3740e-02	1.4940e-02	
1.6000e+01	-4.5340e-03	-1.5580e-04	7.6990e-04	1.6360e-03	2.5060e-03	3.3850e-03	4.2740e-03	5.1800e-03	7.0870e-03	7.6200e-03	8.1760e-03	9.3580e-03	1.0600e-02	1.1930e-02	1.3250e-02	1.3910e-02	1.4560e-02	1.5220e-02	1.5850e-02	1.7200e-02	
#<!-- ********************************************************************** -->
#"SIDE"
double Cyb(20, 2)
                       -16.00        -.1380E-01
                       -8.000        -.1380E-01
                       -6.000        -.1380E-01
                       -4.000        -.1380E-01
                       -2.000        -.1380E-01
                         .000        -.1380E-01
                        2.000        -.1380E-01
                        4.000        -.1380E-01
                        8.000        -.1380E-01
                        9.000        -.1380E-01
                        10.00        -.1380E-01
                        12.00        -.1380E-01
                        14.00        -.1380E-01
                        16.00        -.1380E-01
                        18.00        -.1380E-01
                        19.00        -.1380E-01
                        20.00        -.1380E-01
                        21.00        -.1380E-01
                        22.00        -.1380E-01
                        24.00        -.1380E-01
double Cyp(20, 2)
                       -16.00         .6076E-04
                       -8.000         .3797E-04
                       -6.000         .2884E-04
                       -4.000         .1927E-04
                       -2.000         .9658E-05
                         .000          .000    
                        2.000        -.9658E-05
                        4.000        -.1930E-04
                        8.000        -.3808E-04
                        9.000        -.4194E-04
                        10.00        -.4544E-04
                        12.00        -.5069E-04
                        14.00        -.5531E-04
                        16.00        -.5659E-04
                        18.00        -.5834E-04
                        19.00        -.5921E-04
                        20.00        -.6053E-04
                        21.00        -.6236E-04
                        22.00        -.6412E-04
                        24.00        -.6755E-04
#Cyr: side force due to yaw rate
#CyDr: side force due to rudder
#CyDa: side force due to aileron
#<!-- ********************************************************************** -->
#ROLL
double Clb(20,2)
                       -16.00        -.7464E-03
                       -8.000        -.1057E-02
                       -6.000        -.1184E-02
                       -4.000        -.1320E-02
                       -2.000        -.1459E-02
                         .000        -.1599E-02
                        2.000        -.1738E-02
                        4.000        -.1877E-02
                        8.000        -.2139E-02
                        9.000        -.2191E-02
                        10.00        -.2235E-02
                        12.00        -.2302E-02
                        14.00        -.2357E-02
                        16.00        -.2382E-02
                        18.00        -.2425E-02
                        19.00        -.2445E-02
                        20.00        -.2474E-02
                        21.00        -.2506E-02
                        22.00        -.2537E-02
                        24.00        -.2602E-02
double Clp(20,2)
                       -16.00        -.2380E-02
                       -8.000        -.7418E-02
                       -6.000        -.8410E-02
                       -4.000        -.8842E-02
                       -2.000        -.8943E-02
                         .000        -.8976E-02
                        2.000        -.8943E-02
                        4.000        -.8743E-02
                        8.000        -.6847E-02
                        9.000        -.5983E-02
                        10.00        -.5005E-02
                        12.00        -.3568E-02
                        14.00        -.1941E-02
                        16.00        -.1319E-02
                        18.00        -.1943E-02
                        19.00        -.2401E-02
                        20.00        -.3017E-02
                        21.00        -.3071E-02
                        22.00        -.2972E-02
                        24.00        -.3072E-02
double Clr(20,2)
                       -16.00          .000    
                       -8.000          .000    
                       -6.000          .000    
                       -4.000          .000    
                       -2.000          .000    
                         .000          .000    
                        2.000          .000    
                        4.000          .000    
                        8.000          .000    
                        9.000          .000    
                        10.00          .000    
                        12.00          .000    
                        14.00          .000    
                        16.00          .000    
                        18.00          .000    
                        19.00          .000    
                        20.00          .000    
                        21.00          .000    
                        22.00          .000    
                        24.00          .000    
double ClDs4(9,2)
                       -56.00        -.9905E-01
                       -40.00        -.8759E-01
                       -20.00        -.6302E-01
                       -10.00        -.3151E-01
                         .000          .000    
                        10.00         .3151E-01
                        20.00         .6302E-01
                        40.00         .8759E-01
                        56.00         .9905E-01
double CldF1(2,2)
0.0	7.39
1.0	7.39
#ClDr: roll moment due to rudder
#<!-- ********************************************************************** -->
#PITCH
double Cm_basic(20,2)
                       -16.00         .4127    
                       -8.000         .3148    
                       -6.000         .2831    
                       -4.000         .2493    
                       -2.000         .2125    
                         .000         .1722    
                        2.000         .1281    
                        4.000         .7978E-01
                        8.000        -.3076E-01
                        9.000        -.6236E-01
                        10.00        -.9554E-01
                        12.00        -.1646    
                        14.00        -.2242    
                        16.00        -.2710    
                        18.00        -.3054    
                        19.00        -.3198    
                        20.00        -.3325    
                        21.00        -.3461    
                        22.00        -.3553    
                        24.00        -.3590    
double Cmq(20,2)
                       -16.00        -.2207    
                       -8.000        -.2207    
                       -6.000        -.2207    
                       -4.000        -.2207    
                       -2.000        -.2207    
                         .000        -.2207    
                        2.000        -.2207    
                        4.000        -.2207    
                        8.000        -.2207    
                        9.000        -.2207    
                        10.00        -.2207    
                        12.00        -.2207    
                        14.00        -.2207    
                        16.00        -.2207    
                        18.00        -.2207    
                        19.00        -.2207    
                        20.00        -.2207    
                        21.00        -.2207    
                        22.00        -.2207    
                        24.00        -.2207    
double Cmadot(20,2)
                       -16.00        -.1712E-01
                       -8.000        -.2306E-01
                       -6.000        -.2628E-01
                       -4.000        -.2757E-01
                       -2.000        -.2729E-01
                         .000        -.2683E-01
                        2.000        -.2620E-01
                        4.000        -.2510E-01
                        8.000        -.1951E-01
                        9.000        -.1738E-01
                        10.00        -.1521E-01
                        12.00        -.1165E-01
                        14.00        -.8304E-02
                        16.00        -.6574E-02
                        18.00        -.6678E-02
                        19.00        -.6979E-02
                        20.00        -.7191E-02
                        21.00        -.8255E-02
                        22.00        -.8023E-02
                        24.00        -.5181E-02
double CmDe(9,2)
                       -20.00         .2469    
                       -15.00         .2434    
                       -10.00         .1774    
                       -5.000         .8869E-01
                         .000        -.1774E-03
                        5.000        -.8869E-01
                        10.00        -.1774    
                        13.00        -.2222    
                        16.00        -.2510    
double CmDf1L(9,2)
                       -20.00         .1235    
                       -15.00         .1217    
                       -10.00         .8869E-01
                       -5.000         .4434E-01
                         .000          .000    
                        5.000        -.4434E-01
                        10.00        -.8869E-01
                        13.00        -.1111    
                        16.00        -.1255    
double CmDf1R(9,2)
                       -20.00         .1235    
                       -15.00         .1217    
                       -10.00         .8869E-01
                       -5.000         .4434E-01
                         .000          .000    
                        5.000        -.4434E-01
                        10.00        -.8869E-01
                        13.00        -.1111    
                        16.00        -.1255  
#<!-- ********************************************************************** -->
#YAW
double Cnb(20,2)
                       -16.00        -.2596E-02
                       -8.000        -.2596E-02
                       -6.000        -.2596E-02
                       -4.000        -.2596E-02
                       -2.000        -.2596E-02
                         .000        -.2596E-02
                        2.000        -.2596E-02
                        4.000        -.2596E-02
                        8.000        -.2596E-02
                        9.000        -.2596E-02
                        10.00        -.2596E-02
                        12.00        -.2596E-02
                        14.00        -.2596E-02
                        16.00        -.2596E-02
                        18.00        -.2596E-02
                        19.00        -.2596E-02
                        20.00        -.2596E-02
                        21.00        -.2596E-02
                        22.00        -.2596E-02
                        24.00        -.2596E-02
double Cnp(20,2)
                       -16.00         .1536E-02
                       -8.000         .8993E-03
                       -6.000         .6662E-03
                       -4.000         .4399E-03
                       -2.000         .2199E-03
                         .000          .000    
                        2.000        -.2199E-03
                        4.000        -.4424E-03
                        8.000        -.9113E-03
                        9.000        -.1019E-02
                        10.00        -.1124E-02
                        12.00        -.1280E-02
                        14.00        -.1422E-02
                        16.00        -.1461E-02
                        18.00        -.1497E-02
                        19.00        -.1511E-02
                        20.00        -.1532E-02
                        21.00        -.1577E-02
                        22.00        -.1624E-02
                        24.00        -.1708E-02
double Cnr(20,2)
                       -16.00        -.2782E-03
                       -8.000        -.1397E-03
                       -6.000        -.1002E-03
                       -4.000        -.6884E-04
                       -2.000        -.4962E-04
                         .000        -.4315E-04
                        2.000        -.4962E-04
                        4.000        -.6884E-04
                        8.000        -.1397E-03
                        9.000        -.1585E-03
                        10.00        -.1757E-03
                        12.00        -.2027E-03
                        14.00        -.2256E-03
                        16.00        -.2308E-03
                        18.00        -.2453E-03
                        19.00        -.2532E-03
                        20.00        -.2648E-03
                        21.00        -.2783E-03
                        22.00        -.2910E-03
                        24.00        -.3182E-03
double CnDf1(2,2)
0.0	7.39
1.0	7.39
double CnDa(10,21) #row: left-aileron-pos-deg col: alpha-deg
-6.0000e+01	-1.6000e+01	-8.0000e+00	-6.0000e+00	-4.0000e+00	-2.0000e+00	0.0000e+00	2.0000e+00	4.0000e+00	8.0000e+00	9.0000e+00	1.0000e+01	1.2000e+01	1.4000e+01	1.6000e+01	1.8000e+01	1.9000e+01	2.0000e+01	2.1000e+01	2.2000e+01	2.4000e+01	
-5.6000e+01	-1.0910e-02	-6.9940e-03	-5.3760e-03	-3.6080e-03	-1.8110e-03	0.0000e+00	1.8110e-03	3.6080e-03	6.9940e-03	7.6420e-03	8.1940e-03	8.9900e-03	9.6130e-03	9.7480e-03	1.0120e-02	1.0310e-02	1.0600e-02	1.0910e-02	1.1200e-02	1.1800e-02	
-4.0000e+01	-9.6500e-03	-6.1860e-03	-4.7540e-03	-3.1910e-03	-1.6010e-03	0.0000e+00	1.6010e-03	3.1910e-03	6.1860e-03	6.7590e-03	7.2460e-03	7.9500e-03	8.5010e-03	8.6210e-03	8.9500e-03	9.1210e-03	9.3700e-03	9.6510e-03	9.9090e-03	1.0440e-02	
-2.0000e+01	-6.9420e-03	-4.4500e-03	-3.4200e-03	-2.2950e-03	-1.1520e-03	0.0000e+00	1.1520e-03	2.2950e-03	4.4500e-03	4.8620e-03	5.2130e-03	5.7200e-03	6.1160e-03	6.2020e-03	6.4390e-03	6.5620e-03	6.7410e-03	6.9430e-03	7.1290e-03	7.5090e-03	
-1.0000e+01	-3.4710e-03	-2.2250e-03	-1.7100e-03	-1.1480e-03	-5.7600e-04	0.0000e+00	5.7600e-04	1.1480e-03	2.2250e-03	2.4310e-03	2.6070e-03	2.8600e-03	3.0580e-03	3.1010e-03	3.2190e-03	3.2810e-03	3.3710e-03	3.4720e-03	3.5640e-03	3.7540e-03	
0.0000e+00	0.0000e+00	0.0000e+00	0.0000e+00	0.0000e+00	0.0000e+00	0.0000e+00	0.0000e+00	0.0000e+00	0.0000e+00	0.0000e+00	0.0000e+00	0.0000e+00	0.0000e+00	0.0000e+00	0.0000e+00	0.0000e+00	0.0000e+00	0.0000e+00	0.0000e+00	0.0000e+00	
1.0000e+01	3.4710e-03	2.2250e-03	1.7100e-03	1.1480e-03	5.7600e-04	0.0000e+00	-5.7600e-04	-1.1480e-03	-2.2250e-03	-2.4310e-03	-2.6070e-03	-2.8600e-03	-3.0580e-03	-3.1010e-03	-3.2190e-03	-3.2810e-03	-3.3710e-03	-3.4720e-03	-3.5640e-03	-3.7540e-03	
2.0000e+01	6.9420e-03	4.4500e-03	3.4200e-03	2.2950e-03	1.1520e-03	0.0000e+00	-1.1520e-03	-2.2950e-03	-4.4500e-03	-4.8620e-03	-5.2130e-03	-5.7200e-03	-6.1160e-03	-6.2020e-03	-6.4390e-03	-6.5620e-03	-6.7410e-03	-6.9430e-03	-7.1290e-03	-7.5090e-03	
4.0000e+01	9.6500e-03	6.1860e-03	4.7540e-03	3.1910e-03	1.6010e-03	0.0000e+00	-1.6010e-03	-3.1910e-03	-6.1860e-03	-6.7590e-03	-7.2460e-03	-7.9500e-03	-8.5010e-03	-8.6210e-03	-8.9500e-03	-9.1210e-03	-9.3700e-03	-9.6510e-03	-9.9090e-03	-1.0440e-02	
5.6000e+01	1.0910e-02	6.9940e-03	5.3760e-03	3.6080e-03	1.8110e-03	0.0000e+00	-1.8110e-03	-3.6080e-03	-6.9940e-03	-7.6420e-03	-8.1940e-03	-8.9900e-03	-9.6130e-03	-9.7480e-03	-1.0120e-02	-1.0310e-02	-1.0600e-02	-1.0910e-02	-1.1200e-02	-1.1800e-02	
#CnDr: yaw coeff due to rudder
#<!-- ********************************************************************** -->
#
#
#      <function name="aero/elev_hinge_moment_ft_lbs">
#         <description>
#            Elevator hinge moment in ft-lbs
#            HM = q * S * Cbar * ( Ch0 + Cha*alpha + Chd*delta )
#            Positive causes trailing edge down movement
#            Ch0 is used to artifically trim HM to zero
#         </description>
#         <product>
#               <property>aero/qbar-psf</property>
#               <property>metrics/Sw-sqft</property>
#            <value>   66.86    </value>	<!-- surface area of elevator -->
#            <value>   3.420    </value>	<!-- MAC of elevator -->
#            <sum>
# <!--
double Ch0_elev(20,2)
                          -16.00    	   .3513E-01
                          -8.000    	   .3513E-01
                          -6.000    	   .3513E-01
                          -4.000    	   .3513E-01
                          -2.000    	   .3513E-01
                            .000    	   .3513E-01
                           2.000    	   .3513E-01
                           4.000    	   .3513E-01
                           8.000    	   .3513E-01
                           9.000    	   .3513E-01
                           10.00    	   .4031E-01
                           12.00    	   .6291E-01
                           14.00    	   .7215E-01
                           16.00    	   .7215E-01
                           18.00    	   .7215E-01
                           19.00    	   .7215E-01
                           20.00    	   .7215E-01
                           21.00    	   .6819E-01
                           22.00    	   .5962E-01
                           24.00    	   .7215E-01
double Ch_delta(9,2)
                          -20.00    	   .4031E-01
                          -15.00    	   .6291E-01
                          -10.00    	   .7215E-01
                          -5.000    	   .7215E-01
                            .000    	   .7215E-01
                           5.000    	   .7215E-01
                           10.00    	   .7215E-01
                           13.00    	   .6819E-01
                           16.00    	   .5962E-01
